10018389469
10016282808
10014248664
10016285277
10017025008
10016876798
10011859662
10016063656
10016880658
10016451816
10018397463
10018377041
10016293253
10017401168
10012457569
10015325615
10013782708
10016421480
10018329679
10016285507
10017064826
10018122974
10018134164
10014605249
10016469932
10012438635
10017546684
10000773322
10017993678
10017996415
10017997471
10017996855
10016405370
10016282715
10000656518
10011236412
10017967748
10017201513
10012613586
10016457002
10017208068
10016281527
10017785130
10017785831
10017790560
10012462473
10017789073
10017789134
10017781485
10017764033
10017785881
10017780065
10017762601
10017753144
10017740231
10017748815
10017742960
10017730103
10000453731
10017582028
10017703031
10000931110
10011456377
10017731416
10017728464
10017723558
10017730478
10017715565
10017725203
10017717405
10016452557
10017701743
10017718310
10017714500
10017564656
10011646437
10017406753
10017715203
10017713731
10017711415
10017712589
10017714461
10017714405
10017710750
10017713602
10017708405
10016282138
10017701709
10017712386
10017709415
10017709143
10017705310
10017705075
10012208711
10010618053
10017498767
10017581315
10017588912
10016609846
10012616741
10016440172
10016288118
10014794503
10014783023
10016285783
10016290637
10000776291
10017207688
10012612857
10010673665
10016289197
10011940096
10012456001
10010241519
10017487942
10010933906
10016281991
10016288202
10016453530
10017439069